,0,1,2,3,4,5,6,7,8,9,10,11,12,13,14,15,16,17,18,19,sum_creator_normalized_accumulated_reward
0,17.777628028910367,15.450882702361366,15.925752724954801,18.555765108269092,16.60980188039928,16.77467341157341,17.73088820828863,19.560766136249487,17.4096327660766,16.094476850199822,13.985971676520364,18.31331120017031,18.00073392157408,16.86642875324909,13.863677888713875,17.80140776266533,19.565211730235934,18.495410984563208,19.840430645804254,19.471254325161027,3480.9410670594034
1,15.915209679650602,18.14534567272191,15.769178923109285,16.86691299830006,19.814150825066797,16.640277845618048,17.11728804482681,16.65891586699902,18.642723840835604,17.298516013483955,14.949623586373686,16.328203200086534,14.412938788532534,16.93320617217956,16.75306472636011,17.53009261536316,16.244791321702678,16.999362345015992,16.84051379770151,18.109839788456725,3379.7015605238457
2,15.622695438648284,15.834298575428823,18.133426136291046,14.530562842168044,17.183343618985894,16.955380257007725,17.038510152847408,15.909996389521364,18.761868779613472,18.442331109820696,15.817500155922044,17.276097297642615,18.58450428899925,18.444223412195466,17.050928231242086,16.484957579969063,18.597347297515384,16.149250560540928,17.743754524784592,18.451811667059772,3430.1278831620393
3,16.122750214884356,17.03907481517492,17.236769532469026,14.299598476350457,18.15405295173059,18.974633231565683,16.28144582538321,17.372961729252715,18.254832816814844,18.50246296644088,17.650498204018863,15.499282144781308,19.182689674450106,16.646819289131095,16.875041828525276,17.322948849807,15.417833639671272,19.35363075063234,18.696310783788768,18.980648975193606,3478.642867000663
4,14.494616804496925,15.920245743333407,14.90071678951071,16.09051973380489,15.60393327042046,18.66665751760093,18.037327055918418,18.264780831085478,17.053399472364788,19.054923174143305,14.62767395728721,17.45442976219002,18.46141127991112,16.701403116223155,16.238361449523733,16.1309814260834,18.770805921104365,16.794037528345903,17.873480488973218,17.926015513818424,3390.657208361399
5,14.385906856537364,16.954602270750534,17.59213120984885,16.418620346084406,18.157678406642027,18.29744321063773,16.50687633559635,18.568595976282044,16.38826305581029,17.951035922198777,17.41951919989225,19.510125867947124,16.47906246334599,17.436940603537465,19.961478364971008,19.68362545213396,19.785971321849857,18.356509386066232,18.461332099126405,19.309294254668647,3576.250126039273
6,17.88586798996863,15.78543548638394,16.91382190570067,16.709379101666475,17.42823589554694,16.3042766781985,17.170500967740274,18.404181570719988,16.284903513208203,16.881374243562767,19.13613716100325,18.488587551234794,18.192814152620432,16.185280741504226,15.61221116599997,16.159289431741282,18.24497976580075,18.591915831728002,18.319749622160003,16.032323291303534,3447.3126606779265
7,15.554492739608701,15.886833475679335,16.235377647315897,16.968064027845493,16.193932002164974,17.56629208545197,14.046526869555283,17.558611360709637,17.133032222142017,15.842263117324041,17.601362541944223,17.774872572080415,18.085726483147727,17.483753857617206,17.142048629633074,15.92861828563213,18.928226382865184,17.3427122855905,17.357896381835072,18.240789360052766,3388.7143232819562
8,15.059935581333784,14.857257762855554,18.80558257496272,16.57663495341136,18.166873520538434,18.379905904482747,18.833588059399794,17.86918771416374,17.217338372569625,20.10724891627541,20.352071548344906,19.337393122435866,17.988349172937227,18.675494998864604,18.570020196328063,17.690235102037413,17.285473469366394,17.96675061998162,17.710733979908355,18.135323827165628,3595.8539939736324
9,18.499427143271866,16.927134880509623,18.114325150129357,17.808371307907986,16.874775774563886,15.876749313253061,14.075181325895116,16.037875544866278,16.448368299112836,17.49251430730977,15.87482614600113,15.314119472097442,19.23805923060994,18.518780446414937,17.12428489142625,19.566326214804533,17.726338875540208,15.92495075971506,18.736177283644853,18.989217021285377,3451.678033883595
10,16.458983658971935,16.10696480654196,16.621895103018637,17.275821232552328,15.995326747314934,18.228407777860273,17.86319120917729,16.271624457932788,16.946426514838755,18.486761013088778,17.130370962927692,17.183690631895246,17.617715472155393,16.3075959142924,17.53324916351918,16.888553503249916,17.28558743503101,16.346490987819685,15.828907612583132,17.75562707702141,3401.331912817928
11,17.340501529439827,16.909619911229775,19.12963040079351,17.457444342834755,19.263086857142397,17.992075426491937,19.961417069414917,16.344996423703428,17.727342189449086,19.714147182115916,18.152326912420722,21.814997718208698,18.052755772640886,14.567436989215707,19.169904373984558,17.888348677663288,18.232659666777693,19.37888900478125,18.94516023820121,17.94974440091641,3659.9248508742594
12,15.76531222752061,15.22837867058252,13.275957004801125,14.913570092697288,17.683627126420085,16.394652856737416,18.983349233152143,15.979388077319564,15.92301618682455,15.713448109895264,16.15965994183467,17.443546245824784,16.31498502804309,17.66729785692013,15.840657789927638,17.923124157331053,17.825345256430676,17.221311954007614,17.509364376771682,17.014024214202593,3307.8001640724447
13,16.251837196057142,16.044538166789287,16.376371958211354,16.953794341806304,16.982452970396196,16.06739827464677,17.29676734904943,18.052304883923146,17.592919468264412,16.190812372318014,18.4980849321358,17.78772748840791,16.488864889789774,17.993439172171467,19.382719660373446,16.288986220664736,17.945983508313716,18.825598720914904,16.92122603898087,18.639500023344496,3465.8132763655917
14,14.839321832032244,18.17696105337344,15.75655368618261,14.648885125945416,14.582500879767291,17.682069265442465,16.672306723703343,14.674857164059597,16.95446810151992,15.775554486309906,16.4275148537452,17.742932251424726,15.646618207196004,16.042541408447203,17.432827315128087,19.809134519044342,16.46970195008356,17.230004187015503,16.150357375438595,15.51700367203276,3282.3211405789225
15,15.930125879359384,16.8545841640724,17.767960834449248,17.4023253624838,15.18753306127968,17.613972651579104,19.944381326156055,17.299043716640625,17.900326882202965,15.765877801133865,17.323113944454494,18.15162910890607,18.16117484389644,16.098646059411088,18.894728347734734,16.72192889622359,16.75029771769052,17.726469346055083,19.165507912917754,16.16394172761481,3468.2356958426167
16,18.87158884796534,17.698575931706824,16.03361957924526,17.49676739428219,17.817328100741268,18.638220699639437,18.37027759432022,16.62046336796644,17.727427643256124,16.708529953901298,18.521031341604846,18.46079549857837,18.57910663546277,17.644292948434938,17.94658124598721,17.72744110158601,19.472669160840454,17.384455693478255,17.936878568494283,16.44032740051362,3560.963787080052
17,16.24251764568421,14.14056246268363,16.429087023233016,19.389112189044077,17.23915953210087,18.332238134923806,14.224904762370977,17.71137048705406,15.889958372731513,17.47692793029567,18.651914996298455,17.360186744720025,17.38243487772018,17.800860926091506,18.680211849789778,16.98907081300468,20.040993883494032,18.02275029853079,17.59752599678245,21.137924368146553,3507.3971329470032
18,16.838205251182423,15.243356014145164,17.18466776939636,17.82361009518374,18.24729706130533,15.829816994897595,16.211525225000468,19.77598539776026,19.701812978413166,18.586745228796957,17.564289037419638,17.925944334090545,16.66449825690102,16.17390179793258,17.60293975387619,17.365473561552516,17.1191232035849,15.556555034019965,15.708892055996094,18.913714390580726,3460.383534420356
19,16.281882428046817,15.459881353679938,17.262701523476128,17.199508360864836,18.18433843909818,16.420077804780412,17.309399136568185,16.27680320479775,17.056708666375165,16.39247558013227,15.99211815074286,19.804516706783307,17.553926890862318,16.26634380192827,16.550905226963202,18.674525145566278,18.412966182238947,17.3070195563293,15.865440762222326,18.701978390679603,3429.7351731213607
20,16.033207862964172,15.524232469637116,16.854054776842666,16.314870190778443,16.638508427543922,15.305776348995078,16.16083187845821,19.83112442682461,18.508103229113168,16.233312090372785,18.497859523526,16.152801028079885,18.91540732745231,17.92541453977729,17.657015868947433,19.075682301576048,17.86962005534447,15.545271990763116,17.037273534549175,17.52525981591558,3436.056276874615
21,19.343632323998783,17.133795576584994,14.879070601309405,18.748361008294637,18.639491211085208,17.65838040561987,20.187530099605937,19.293284323374372,18.911330384399903,18.177596990869556,19.130005757754017,18.587180164418506,19.82390498041152,17.723032060346355,17.2166581974111,20.412627598088903,17.61115827555696,19.583076181145007,18.47179251655594,17.391591426336394,3689.2350008316735
22,15.404073901904729,18.810273880111474,14.280301594359184,15.758843038848728,14.980548581362598,15.87451834742356,16.466059607904885,15.53578858883676,18.396296247295965,17.533548926488265,17.921229701747713,19.470803049482445,18.541169865589392,17.193376619334366,18.521559665336078,18.000262181096936,19.77348811193788,17.48284017933154,15.62244708150735,19.365295309231225,3449.327244791311
23,16.02153332225803,15.320881445652631,16.52779902316707,15.354599989348696,17.38192769448717,17.350332789505398,18.979565105286078,16.084555690542526,15.97004238879174,16.171579750921893,18.258289900420568,17.354691831686814,19.562057842892525,15.516813156825714,18.13775166391791,18.01828453078818,18.483520367277983,19.23287958114223,14.790687728929091,19.190913115798352,3437.087069196406
24,18.15526464615441,17.4519759590602,18.777216509293826,17.702107270441026,17.971027080443616,19.287179700771674,17.228742767367102,17.11328612915697,18.982449600932547,16.185272478844855,16.940274291863624,17.828165007380566,18.851400933033414,16.572330275185056,17.529716465415426,19.844929297212385,18.530552799666374,18.84089420494093,18.458072546577114,18.827662932215688,3610.785208959568
25,16.338029762097438,16.735913414878933,16.36581609322497,18.31909057696245,17.13823321262835,16.964797291440657,15.217490151624418,16.32800584451567,17.998854908185542,16.331019894866103,17.026119284413817,15.348214618007352,15.443601269442425,18.41091929693592,18.865874249730055,18.772281899489357,16.1769481567731,17.453479854565956,18.848555906027904,17.113861967653055,3411.971076534635
26,16.043718058102066,16.892402264486346,15.606013136629851,15.970561525995105,17.38969489119679,15.86026199260895,16.35584056014668,15.964573802325344,16.199683405026992,18.60872285668371,17.47247971221336,19.138867460947345,17.41268226249324,17.326029847286826,15.822471161902863,18.425787785471258,18.06335820270726,16.69486097486871,17.95484412847061,15.782051438611642,3389.8490546817493
27,16.247808822779167,18.12251464826179,17.37864626067691,16.113707078519166,15.369408810553491,17.386857259629032,17.407097145993447,15.359427997475759,15.070275064966188,16.283787177600114,16.58481259764925,16.9296108810936,20.32911223796123,17.860588587106335,14.946154715191245,19.210077738669916,19.172928463079412,15.763923726391496,17.64124786872579,17.814460107402727,3409.9244718972604
28,15.993498131846195,16.82870845855718,13.515290134741914,16.414611063439942,15.41853445173354,18.62667698828937,17.980316876483403,16.441287272961183,19.745460252537185,16.993613095380915,16.262749759454973,17.05660157711158,16.95721640980394,17.002803528436353,16.1251334213297,17.92041115788107,17.20888169172221,17.56179052743094,16.325837090735593,17.13892101778033,3375.1834290765755
29,18.79902747581054,15.48157512460276,18.439016948051464,17.02909309902688,17.70853992784358,16.148167980082647,17.035391813865687,17.63228686467395,18.349477432989538,17.662293912196553,14.827412781528267,17.723734169870973,17.89289263164771,17.145969460299664,18.3570268734229,19.077356693438063,16.462108404254653,15.82835065086368,19.432474298973926,18.029048860649205,3490.6124540409264
30,17.660160810916896,18.037954394024375,16.776222942520327,16.828514999362877,16.995372808451457,16.780099812002888,17.540901596609267,19.122885315971285,18.904608593802116,18.894704694989386,15.662856009566813,18.07060844212026,19.09806855233482,17.67328615131473,17.849669724328002,17.84595960038711,18.253320766047008,20.31538620801416,17.66957128251398,19.042650442305593,3590.2280314758336
31,16.636190124530945,16.372969643918175,16.284441179233088,18.321951370140727,16.65955930422975,13.814807157223061,16.665164268099396,16.16105383595552,14.431096425247997,17.859674315117257,19.039051953669574,17.047687773794554,17.641090970826717,16.24746545137184,16.331333745622448,18.14447592440733,17.155863411035796,18.582310460465077,16.71285180543068,15.98783277190779,3360.9687189222773
32,16.72528420181833,16.26469000643897,16.225691553891938,16.73633140807489,15.675510495910311,14.679101811070982,16.733460626065558,18.964560441871225,15.800790265120204,17.497817775801803,19.5007750148443,19.15759021285843,17.42125991366935,18.039331182309645,18.17414281936265,17.894931241036474,18.681055562874736,16.24920720693927,17.49432708287076,18.40248615990701,3463.1834498273683
33,13.509772332398814,17.73726071726228,16.42623801771147,15.270172145326011,18.18140748994589,15.744867197858582,16.117445714739034,16.65981294983364,16.678560785387067,13.79201171892887,16.112828220857534,17.458372232356194,17.276101037144727,16.57864739797655,17.694237919200575,17.975779804694387,17.27230095072718,17.76666408730881,18.348795864975852,15.716647234916518,3323.1792381954997
34,16.556984691152508,15.106161884729696,17.593397048831232,17.980143097400052,17.894114821280265,19.368949601863584,17.984196753286035,17.648391711360944,17.41530254629081,17.366764623153863,19.15922213337415,18.84626196911944,17.06168846400867,20.394548389180137,18.028738437248677,19.108973950906716,19.8078960552909,19.272931879302423,19.60906861621377,16.063257832190878,3622.6699450618476
35,17.747593497616613,15.12198413508423,17.53874397407689,15.147587765219395,17.725388524174726,17.8253195956173,15.25759884052664,20.066396911629603,18.521871207075385,15.756919316767403,15.84248817381968,16.44185821985749,17.57605835478395,15.747912008720437,16.79584031590454,15.020775824355672,19.669776839061285,17.752458202976175,17.8738471184518,17.424468562537047,3408.5488738825625
36,18.712790522452195,18.26135161721697,17.01901005323044,15.817124604225246,16.388106990982216,19.35328002314927,16.451650979278043,18.13499096735348,17.438449035949454,16.2782089001146,18.712638387945827,18.126774037859843,21.619844896104134,17.598820873234576,20.276965711274382,17.86549476017508,17.126819434993415,19.284770863643693,18.037772115403655,18.438644841813307,3609.435096163998
37,16.14673805522641,17.90291595192051,14.347132907025713,18.047963539292798,17.444972156094085,16.644943257335722,17.27810834597481,17.17081169711117,17.543374549437523,17.51530781102681,17.723703687718622,18.36576063548108,17.972628087969333,17.302287422274482,17.332694098809704,17.11182530024829,15.595147240766371,17.604130383726616,17.456713983480512,18.778629746229683,3452.8578885715024
38,15.555081179379329,17.388744534720765,17.83131390000911,19.788736441930734,16.917432208122456,17.022704313761665,17.238699855146017,17.59291983777689,18.751762740999375,17.443170969977245,19.322637119015003,15.834580250638044,17.22109582323845,16.594991208253848,18.426368999691412,18.63006918160553,18.064284533732245,16.93565047660781,15.78853861758105,18.945087581687993,3512.9386977387503
39,15.577497385588885,15.885542110656427,14.911334278390473,17.75328544384745,19.184304399233252,15.898700243988344,18.13507803827244,19.301498587493516,16.94513765457487,19.20669941111326,19.37200704609176,18.761456085656533,17.64776361599301,18.91649909135333,19.392841436393223,17.34776633205675,18.507364969429435,19.28847644052001,20.092446640598325,18.304582392357187,3604.302816036085
40,14.481933023919982,15.69626099530102,15.364951393792893,16.914175874069073,16.738924733207405,16.730250578198227,16.38246677788127,15.009126720330025,15.625912573734672,17.611091554477092,16.658427184145484,18.545087954806455,17.56259427440965,18.056682393609275,16.80983831517134,17.57720654405096,14.690213730535888,17.120090132629525,15.683939240701761,18.599525606194124,3318.5869960116615
41,15.495098621699437,17.125188724894038,16.671090234189144,16.300652190979083,16.590214975022498,19.792039011733113,18.48630673638007,18.97733649476681,19.239252114237715,20.490941570261768,20.337880498989218,18.537427110701955,19.76678581760803,18.76570821873311,19.210053187610463,17.26534426500671,18.74695242251335,19.577722155417273,18.123523921877972,19.949575612044054,3407.224089708777
42,16.149999987204097,15.845076377727608,17.493020824465138,17.907601962320705,15.027668857403068,20.583786661172187,17.452812943817875,17.633712075639707,16.490186439944893,19.189525734332072,19.581939186078994,18.301196976052765,21.89699960551525,20.602665325672433,23.482056162778424,20.560993187177978,19.841799166397372,20.423216195437902,19.134791960678147,21.09430828121055,3490.6635892083655
43,14.747569231258714,17.51239494630591,16.910265295257744,15.232179762371294,16.40553406717483,15.095076609587926,17.82924826835752,17.92035422132826,17.061384025861596,18.207364724383428,16.26369432342769,15.849105028440823,15.91976465302989,15.81631576516354,18.261750904313697,16.82004555651175,16.713595579829462,17.143252335834596,18.926840202415953,17.261559955126256,3358.9729545598084
44,16.98603703895323,13.70129938228076,16.166525438432465,15.185436451199223,15.722382293767463,17.100419755707986,15.49222146451304,16.29961113552714,17.859509456269823,17.507695641921455,17.392313757116973,15.693437518744663,17.56551571424569,16.733184801825775,16.831373307478046,17.102642197128837,18.262817467001774,17.136805684391874,17.815258319901357,17.971640625145724,3345.2612745155325
45,17.520960872159257,17.23935740169735,15.606398528878504,18.38420089239558,17.930089840353805,16.019442011907756,19.606983145264596,16.90199977823096,17.285149337669235,16.706385049777168,15.523099924420029,18.267510890135327,18.603640575304574,18.561514635748807,16.583866234728806,17.725650881207876,14.667575109461376,18.03130862471323,16.463128457705817,18.30493794348222,3459.3320013524226
46,13.763167668806947,19.669028973574537,15.786732015327592,17.46632317242271,15.463941809382794,16.855102112662316,16.25202178811172,18.20953978514683,20.029244756495398,16.106866539177776,17.656013885011337,17.858639948893885,15.287618644677753,17.875978405107876,17.26777226838862,16.86438842529097,16.721316765139093,18.906210469320676,17.798753557479642,17.70920336516225,3435.478643555807
47,16.70026178348964,15.306038264292118,15.920671359495582,16.650679589322255,17.503598861777753,18.4402346904455,16.52716560844696,20.02722955177682,17.289865775827952,15.481007780008767,18.914077763512818,16.96094950598103,18.197316654352125,16.53551525431068,19.50092368683574,18.876730731524486,17.64267500459807,16.430242206247055,16.030926269610866,14.493110983170933,3434.2922132502717
48,16.589259886661303,13.694231780623815,17.12046637901769,16.276877452964204,17.542860128779495,17.53580302854427,18.349873697863433,17.047439606317546,16.9080665094921,16.349013889419474,15.990706874101516,16.304995639655164,17.463304727713325,14.801766190545374,16.054497119866955,15.948441007422394,16.70711107293345,18.9069231774932,15.828565045430532,20.233059662301592,3356.5326287714684
49,15.952458032924806,16.340848212677706,15.67466234712894,16.26364102340893,14.835857542236676,17.68075172026128,15.97967842439852,17.348409053309535,17.783155221783055,16.678527880796437,16.890490814774285,16.928743789602027,13.627121076117612,15.087469071770926,15.89212552928863,16.62587275556855,17.402490451880972,19.164871106316063,16.15579715318614,17.713067451725713,3300.2603865915685
mean,16.354668804592894,16.463522144343703,16.515141244526063,16.827693829228625,17.01665171036068,17.221276952816943,17.16911204708265,17.41988823840851,17.46298846143728,17.29197746709036,17.40827389039891,17.718422058606823,17.82488155101142,17.221251097515463,17.63204588613817,17.832922759411996,17.820104975054143,17.817081440077626,17.57676661007353,18.00987293464458,
