,0,1,2,3,4,5,6,7,8,9,10,11,12,13,14,15,16,17,18,19,user_accumulated_reward
0,2.0455256057820725,2.1201765404722726,2.105150544990961,2.0611530216538214,2.14196037607986,2.074934682314687,2.1361776416577314,2.122153227249888,2.2619265532153205,2.008895370039956,2.137194335304076,2.1726622400340587,2.130146784314807,2.2032857506498194,2.152735577742771,2.1802815525330534,2.263042346047173,2.1690821969126266,2.2180861291608345,2.1742508650321812,2143.941067059398
1,2.033041935930119,2.0990691345443815,2.0438357846218596,2.0533825996600137,2.152830165013365,2.198055569123614,2.1134576089653665,2.091783173399809,2.098544768167128,2.129703202696791,2.1499247172747378,2.1456406400173003,2.132587757706508,2.0666412344359038,2.180612945272013,2.146018523072618,2.19895826434052,2.1798724690031808,2.16810275954029,2.0819679576913326,2123.2015605238425
2,1.964539087729656,1.976859715085765,2.0666852272582124,2.006112568433611,2.036668723797188,2.0210760514015482,2.097702030569481,2.141999277904275,2.0823737559226982,2.1184662219641326,2.113500031184407,2.135219459528523,2.136900857799843,2.198844682439093,2.090185646248406,2.096991515993808,2.209469459503067,2.1498501121081683,2.1387509049568947,2.2103623334119336,2099.6278831620357
3,2.09455004297687,1.927814963034987,2.0573539064938053,1.9299196952700937,2.130810590346122,2.0549266463131404,2.2062891650766474,2.174592345850547,2.140966563362964,2.2004925932881725,2.1100996408037656,2.129856428956257,2.1665379348900156,2.1193638578262064,2.1450083657050505,2.0945897699613902,2.083566727934256,2.2407261501264504,2.2092621567577355,2.2161297950387038,2121.642867000659
4,2.0089233608993844,1.9940491486666796,1.8701433579021443,1.918103946760982,2.080786654084095,2.0133315035201913,2.017465411183688,2.1829561662170995,2.2406798944729625,2.1709846348286597,2.0755347914574376,2.1708859524380033,2.0322822559822145,2.180280623244631,2.207672289904751,2.236196285216673,2.084161184220854,2.2088075056691734,2.0846960977946174,2.065203102763663,2092.157208361395
5,1.8471813713074716,2.0009204541501076,2.0084262419697727,2.053724069216881,2.07153568132841,2.079488642127552,1.9713752671192748,2.1037191952564065,2.1076526111620533,2.110207184439752,2.133903839978443,2.1320251735894145,2.165812492669195,2.067388120707488,2.1522956729941876,2.1267250904267794,2.1571942643699544,2.0413018772132348,2.212266419825264,2.1318588509337157,2083.750126039268
6,1.8871735979937259,1.9070870972767884,1.982764381140136,1.9518758203332967,2.0556471791093913,2.1208553356397064,2.12410019354806,2.0508363141439996,2.076980702641639,2.066274848712547,2.037227432200642,1.9977175102469442,2.0985628305240804,2.0770561483008283,2.182442233199975,2.0618578863482533,2.198995953160137,2.088383166345586,2.0639499244319808,2.166464658260706,2059.8126606779215
7,1.9408985479217398,2.037366695135866,1.9970755294631821,2.043612805569101,2.0787864004329992,2.1232584170904003,2.069305373911061,2.1017222721419335,2.1466064444284014,2.108452623464815,2.1302725083888507,2.1249745144160688,2.217145296629535,2.196750771523425,2.1684097259266086,2.135723657126426,2.2756452765730164,2.1785424571180885,2.211579276366999,2.258157872010535,2127.2143232819526
8,1.9519871162667561,1.9714515525711125,2.0511165149925477,1.9753269906822757,2.063374704107692,2.055981180896553,2.1967176118799627,2.1438375428327374,2.1434676745139187,2.1414497832550694,2.2304143096689644,2.207478624487173,2.18766983458744,2.1650989997729018,2.154004039265602,2.1780470204074707,2.1470946938732727,2.213350123996311,2.112146795981659,2.147064765433113,2121.8539939736265
9,1.9598854286543728,2.0354269761019252,2.0028650300258732,2.1116742615816007,2.0849551549127816,2.105349862650614,2.1850362651790287,2.1975751089732616,2.209673659822574,2.208502861461946,2.144965229200231,2.0928238944194906,2.2576118461219887,2.3037560892829827,2.174856978285244,2.2632652429608906,2.225267775108025,2.1749901519430015,2.1772354567289547,2.2278434042570536,2157.1780338835924
10,2.0517967317943855,2.0713929613083937,2.1643790206037274,1.9951642465104678,2.1190653494629896,2.0256815555720578,2.112638241835464,2.1843248915865634,2.159285302967752,2.2173522026177444,2.0960741925855326,2.166738126379053,2.2535430944310697,2.1915191828584732,2.2266498327038264,2.177710700649976,2.1671174870061947,2.209298197563937,2.0457815225166183,2.1111254154042562,2137.331912817924
11,2.068100305887964,2.1219239822459546,2.165926080158705,2.111488868566952,2.2026173714284836,2.248415085298392,2.2422834138829897,2.178999284740684,2.285468437889818,2.332829436423179,2.260465382484135,2.3829995436417253,2.220551154528167,2.18348739784314,2.2539808747968952,2.307669735532652,2.2765319333555203,2.255777800956235,2.3090320476402315,2.289948880183271,2234.924850874255
12,1.9830624455041208,1.9856757341165039,1.975191400960226,1.9227140185394616,2.1067254252840204,2.018930571347489,2.1866698466304246,2.085877615463917,2.07460323736491,2.0726896219790576,2.1119319883669387,2.0787092491649575,2.042997005608609,2.1034595713840223,2.0781315579855244,2.1246248314661997,2.145069051286123,2.1742623908015095,2.111872875354318,2.1028048428405026,2074.300164072442
13,2.0703674392114273,2.1089076333578562,2.125274391642272,2.1207588683612637,2.1064905940792427,2.1934796549293587,2.049353469809892,2.160460976784634,2.1685838936528827,2.198162474463607,2.139616986427152,2.067545497681574,2.1177729779579515,2.248687834434283,2.226543932074674,2.287797244132929,2.119196701662722,2.095119744182962,2.18424520779616,2.1779000046688766,2148.313276365586
14,1.9678643664064475,1.9753922106746886,2.091310737236523,2.0197770251890863,2.0665001759534642,2.106413853088499,2.1144613447406737,2.154971432811923,2.0808936203039834,2.1051108972619876,2.165502970749043,2.0985864502849454,2.1093236414392025,2.1385082816894445,2.196565463025607,1.9818269038088527,2.1539403900166896,2.0760008374030887,2.1000714750877023,2.083400734406534,2089.3211405789193
15,1.976025175871875,2.050916832814481,2.063592166889852,2.0504650724967637,2.1375066122559376,2.0727945303158255,2.1088762652312125,2.039808743328128,2.1100653764405846,2.0731755602267703,2.1346227888908897,2.140325821781204,2.2122349687792844,2.1097292118822146,2.208945669546934,2.1343857792446936,2.120059543538089,2.1452938692110024,2.223101582583539,2.1027883455229426,2110.735695842611
16,1.974317769593067,2.1497151863413677,2.086723915849053,2.0793534788564405,2.0234656201482526,2.1776441399278856,2.1240555188640484,2.1040926735932803,2.1154855286512286,2.161705990780265,2.1842062683209575,2.16215909971566,2.0658213270925456,2.1588585896869774,2.139316249197438,2.155488220317189,2.2045338321680847,2.226891138695645,2.2373757136988472,2.2380654801027093,2138.463787080047
17,1.9885035291368416,1.9481124925367246,2.0158174046466035,2.2078224378088187,2.0778319064201782,2.216447626984766,2.0249809524742,2.1322740974108205,2.0879916745463096,2.1853855860591382,2.1703829992596777,2.1120373489440025,2.2064869755440384,2.0701721852182913,2.176042369957945,2.197814162600933,2.2281987766987896,2.174550059706149,2.059505199356476,2.317584873629288,2129.8971329469996
18,1.9776410502364843,2.0086712028290337,2.006933553879275,2.004722019036751,2.0794594122610706,2.085963398979521,2.0623050450001004,2.115197079552056,2.160362595682627,2.0773490457593833,2.112857807483922,2.175188866818101,2.082899651380194,2.1247803595865142,2.1205879507752288,2.1530947123104993,2.14382464071697,2.0613110068039893,2.0717784111992055,2.0927428781161166,2085.883534420352
19,1.9263764856093624,1.891976270735987,1.9025403046952274,2.0299016721729704,1.9868676878196405,1.964015560956086,2.011879827313644,2.0453606409595495,2.0713417332750343,2.0184951160264557,2.1184236301485733,2.060903341356655,2.070785378172456,1.963268760385646,2.1401810453926333,2.0549050291132374,2.0625932364477753,2.0214039112658453,2.033088152444448,2.0403956781358996,2020.7351731213564
20,2.0866415725928342,2.0448464939274236,2.130810955368534,2.09297403815569,2.1777016855087887,2.05115526979902,2.182166375691647,2.186224885364925,2.231620645822637,2.2266624180745502,2.229571904705187,2.1305602056159705,2.243081465490444,2.30508290795545,2.0814031737894796,2.2951364603152014,2.2339240110688756,2.1490543981526202,2.1274547069098277,2.1750519631831056,2169.056276874611
21,2.138726464799758,2.136759115316999,2.0458141202618827,2.249672201658931,2.027898242217045,2.151676081123979,2.1575060199211866,2.208656864674878,2.1722660768799695,2.2555193981739055,2.196001151550792,2.1674360328836886,2.204780996082287,2.2846064120692633,2.2733316394822096,2.2025255196177578,2.2322316551113714,2.1366152362289847,2.3043585033111755,2.2983182852672686,2192.2350008316666
22,1.920814780380947,1.9220547760222968,1.9760603188718366,1.9417686077697474,1.9561097162725205,1.9549036694847175,1.9732119215809831,2.0471577177673566,2.1692592494591905,2.0867097852976526,2.0942459403495395,2.084160609896488,2.098233973117873,2.0986753238668694,2.134311933067196,2.1400524362193774,2.054697622387556,2.0765680358662943,2.07448941630146,2.083059061846226,2044.3272447913062
23,1.9643066644516067,2.014176289130526,1.9955598046334142,2.080919997869742,2.046385538897439,1.9900665579010834,2.185913021057216,2.156911138108507,2.1640084777583466,2.0043159501843797,2.121657980084111,2.090938366337356,2.132411568578494,2.1433626313651417,2.127550332783567,2.1336569061576336,2.1367040734555873,2.2065759162284313,2.078137545785808,2.2281826231596535,2100.087069196402
24,2.0610529292308826,2.0003951918120406,2.135443301858768,2.1004214540882074,2.104205416088725,2.2274359401543347,2.1857485534734176,2.212657225831387,2.2264899201865016,2.2270544957689697,2.1180548583727212,2.1756330014761,2.1502801866066816,2.214466055037009,2.235943293083074,2.308985859442463,2.2961105599332634,2.1681788409881766,2.2016145093154105,2.3055325864431166,2182.7852089595626
25,2.0476059524194867,2.057182682975787,2.133163218644995,2.1238181153924947,2.0376466425256754,2.212959458288136,2.1334980303248905,2.115601168903138,2.2397709816371094,2.1462039789732255,2.175223856882762,2.229642923601475,2.238720253888481,2.1621838593871834,2.313174849946007,2.224456379897853,2.245389631354605,2.200695970913176,2.1997111812055645,2.1527723935305914,2169.471076534632
26,2.0087436116204125,2.0584804528972684,2.041202627325972,2.054112305199025,2.06793897823936,2.072052398521794,2.0811681120293404,2.1429147604650747,2.1199366810054054,2.1517445713367467,2.204495942442678,2.1977734921894627,2.1025364524986467,2.1952059694573522,2.144494232380564,2.1851575570942416,2.1726716405414406,2.1689721949737226,2.2509688256941103,2.1564102877223017,2128.849054681746
27,2.0995617645558315,2.134502929652358,2.2057292521353835,2.162741415703834,2.143881762110703,2.217371451925812,2.1714194291986937,2.1318855994951567,2.164055012993236,2.2267574355200277,2.2569625195298477,2.2259221762187162,2.235822447592235,2.1521177174212607,2.169230943038252,2.232015547733976,2.114585692615867,2.232784745278276,2.1082495737451334,2.292892021480542,2183.924471897257
28,2.0086996263692383,2.075741691711436,1.9630580269483837,2.05292221268799,2.043706890346711,2.0953353976578772,2.186063375296686,2.1482574545922417,2.189092050507425,2.1587226190761784,2.1225499518909947,2.1913203154223115,2.221443281960784,2.140560705687264,2.105026684265936,2.174082231576205,2.1517763383444306,2.232358105486178,2.2051674181471044,2.237784203556042,2135.1834290765705
29,2.0198054951621063,1.9463150249205525,2.097803389610295,2.0658186198053805,2.131707985568718,2.119633596016533,2.1770783627731416,2.266457372934792,2.17989548659791,2.1124587824393037,2.085482556305651,2.1447468339741924,2.1785785263295385,2.2091938920599254,2.2014053746845645,2.195471338687594,2.1024216808509224,2.1456701301727295,2.256494859794756,2.1658097721298244,2140.1124540409214
30,2.012032162183379,2.147590878804878,2.1552445885040656,2.095702999872577,2.1390745616902933,2.2060199624005845,2.1981803193218528,2.2345770631942545,2.1609217187604255,2.2589409389978763,2.162571201913362,2.214121688424037,2.2296137104669524,2.224657230262941,2.179933944865591,2.199191920077418,2.2406641532093965,2.2230772416028057,2.223914256502782,2.2485300884610986,2187.7280314758286
31,2.027238024906187,1.9445939287836336,1.9968882358466191,2.08439027402815,2.0919118608459524,2.0529614314446176,2.2130328536198856,2.152210767191111,2.1562192850496036,2.0319348630234564,2.2478103907339158,2.1495375547589113,2.238218194165334,2.2094930902743655,2.146266749124476,2.188895184881446,2.0411726822071414,2.0864620920929946,2.1125703610861204,2.0975665543815416,2113.4687189222727
32,1.9550568403636643,2.0029380012877933,2.0651383107783876,2.0472662816149825,2.085102099182065,2.1158203622142,2.016692125213117,2.0729120883742516,2.0801580530240384,2.1795635551603625,2.07015500296886,2.0815180425716786,2.064251982733866,2.2378662364619233,2.084828563872514,2.138986248207277,2.136211112574931,2.249841441387846,2.20886541657414,2.2104972319813845,2105.183449827364
33,1.9419544664797614,2.037452143452455,1.9952476035422955,2.074034429065205,2.0962814979891817,2.15897343957172,2.123489142947811,2.1319625899667334,1.9957121570774194,2.018402343785779,2.202565644171513,2.251674446471242,2.1252202074289452,2.1257294795953054,2.148847583840101,2.215155960938858,2.064460190145428,2.1133328174617465,2.1497591729951515,2.1033294469832886,2103.679238195497
34,1.9613969382305012,2.021232376945939,2.1086794097662485,2.0960286194800113,2.098822964256057,2.18378992037271,2.216839350657209,2.189678342272182,2.1130605092581534,2.183352924630772,2.141844426674822,2.1792523938238797,2.1423376928017244,2.20890967783602,2.185747687449738,2.241794790181331,2.231579211058169,2.1645863758604675,2.231813723242735,2.172651566438168,2153.6699450618416
35,2.0795186995233212,2.0743968270168462,2.037748794815379,2.139517553043883,2.155077704834949,2.245063919123466,2.1315197681053335,2.1932793823259242,2.1343742414150775,2.1813838633534828,2.088497634763938,2.2283716439714976,2.185211670956784,2.2195824017440695,2.229168063180902,2.2241551648711195,2.193955367812236,2.1604916405952164,2.10476942369034,2.1548937125073944,2158.0488738825584
36,2.122558104490438,2.012270323443394,2.00380201064609,2.1134249208450497,2.07762139819645,2.2206560046298573,2.070330195855612,2.146998193470701,2.157689807189892,2.205641780022918,2.2125276775891622,2.2953548075719645,2.373968979220804,2.2097641746469057,2.2253931422548536,2.1130989520350023,2.155363886998668,2.156954172728725,2.167554423080725,2.2077289683626438,2162.4350961639925
37,1.9693476110452814,1.920583190384101,2.0694265814051422,1.9895927078585631,1.9989944312188206,2.0289886514671496,2.1356216691949665,2.1741623394222382,2.2186749098875094,2.073061562205366,2.094740737543716,2.1731521270962144,2.174525617593855,2.160457484454894,2.0865388197619326,2.142365060049643,2.0990294481532605,2.1708260767453087,2.081342796696088,2.1557259492459213,2095.8578885714987
38,1.9610162358758652,1.987748906944152,2.056262780001825,2.137747288386151,2.0234864416244873,2.1445408627523355,2.1277399710291967,2.0785839675553732,2.170352548199866,2.078634193995448,2.0945274238029974,2.2069160501276084,2.1442191646476907,2.1089982416507724,2.1152737999382625,2.2160138363210935,2.252856906746436,2.1771300953215547,2.0877077235161945,2.129017516337585,2114.938697738745
39,2.1954994771177763,2.107108422131285,1.992266855678097,2.160657088769492,2.1568608798466538,2.149740048797673,2.247015607654494,2.190299717498709,2.2590275309149774,2.1913398822226564,2.284401409218344,2.222291217131302,2.3095527231985997,2.243299818270651,2.2885682872786304,2.2595532664113422,2.2214729938858757,2.3076952881039885,2.2484893281196467,2.1909164784714195,2211.3028160360805
40,1.8663866047839943,1.8792521990602054,2.04299027875858,2.022835174813819,2.077784946641483,2.026050115639648,2.016493355576258,2.101825344066005,2.1151825147469374,1.9622183108954123,2.001685436829101,2.0190175909612917,2.192518854881924,2.081336478721849,2.1019676630342694,2.1454413088101765,2.038042746107176,2.114018026525885,2.0467878481403385,2.139905121238801,2049.5869960116574
41,1.9090197243398868,1.8950377449788127,1.974218046837831,2.020130438195819,2.0880429950045034,2.1025670221119643,1.9975352125484176,1.9259205690580128,2.083065380562784,2.088369482647108,2.1408184898180487,2.026736879926346,2.1080214471694334,2.097827479371953,2.2078095737698744,2.1277619677012036,2.124451436052388,2.183989987975098,2.1722343059380185,2.1409236101679157,2070.724089708771
42,1.8399999974408183,1.939015275545521,1.908604164893031,1.9615203924641431,2.0655337714806152,2.1250815990109997,2.021506329887224,2.0340681736151534,2.0582335591900867,2.144114632179779,2.1747490534942173,1.984215455689501,2.201459928992732,2.1184797586210253,2.236770109300093,2.1109787736920174,2.011523849951511,2.0561789151788035,2.1042625529220427,2.206975490617877,2065.1635892083596
43,1.8895138462517418,1.972478989261181,1.9620530590515508,1.8864359524742602,2.1011068134349706,2.019015321917591,2.035849653671509,2.0240708442656556,2.082276805172326,2.1314729448766894,2.132738864685542,2.129821005688164,2.13395293060597,2.053263153032692,2.0823501808627283,2.0140091113023333,2.072719115965883,2.058650467166908,2.075368040483168,2.042311991025231,2044.9729545598047
44,2.007207407790646,1.9202598764561511,1.9633050876864946,1.9770872902398469,2.084476458753497,1.9800839511416015,2.108444292902613,1.9599222271054344,2.08190189125397,2.1715391283842944,2.078462751423392,2.1486875037489286,2.023103142849129,2.146636960365154,2.046274661495599,2.220528439425766,2.122563493400333,2.127361136878369,2.1430516639802546,2.164328125029129,2073.76127451553
45,2.0341921744318507,2.0578714803394713,2.0612797057757017,2.1068401784791195,2.1160179680707625,2.033888402381544,2.261396629052912,2.1903999556461953,2.167029867533848,2.1012770099554308,2.144619984884009,2.2135021780270545,2.1807281150609046,2.212302927149753,2.1767732469457552,2.1551301762415664,2.1235150218922723,2.1362617249426314,2.2126256915411453,2.100987588696432,2139.3320013524185
46,1.9426335337613885,2.17380579471491,2.0173464030655173,2.0332646344845484,2.072788361876562,2.121020422532459,2.070404357622349,2.1419079570293618,2.1958489512990793,2.141373307835559,2.1412027770022686,2.091727989778782,2.1275237289355498,2.1351956810215715,2.1435544536777145,2.0928776850581783,2.2342633530278033,2.2412420938641247,2.239750711495918,2.1218406730324326,2123.9786435558044
47,2.060052356697927,2.1112076528584227,2.0741342718991156,2.190135917864455,2.090719772355554,2.2180469380891052,2.125433121689398,2.225445910355369,2.2079731551655954,2.1862015560017567,2.112815552702557,2.2121899011961967,2.2194633308704153,2.2071030508621248,2.260184737367145,2.1253461463048864,2.1385350009196022,2.3260484412494034,2.2661852539221576,2.228622196634175,2179.292213250268
48,1.8978519773322617,1.8688463561247628,2.0340932758035386,1.955375490592844,2.038572025755903,2.157160605708858,2.109974739572687,2.0794879212635133,2.0916133018984215,2.119802777883896,2.0781413748203033,2.1809991279310372,2.1126609455426566,2.1503532381090706,2.1808994239733823,2.1596882014844634,2.0914222145866805,2.1613846354986213,2.0757130090860914,2.1966119324602955,2087.0326287714643
49,1.9804916065849607,2.0581696425355416,2.0449324694257878,2.1527282046817864,1.9571715084473382,2.056150344052261,2.0459356848797086,2.059681810661916,2.066631044356619,2.1257055761592936,2.2180981629548557,2.055748757920403,2.1154242152235208,2.1374938143541833,2.118425105857711,2.1151745511136952,2.2404980903761853,2.1329742212631904,2.151159430637219,2.16261349034513,2099.7603865915653
mean,1.9945337609185783,2.0181044288687406,2.0414282489052145,2.056338765845728,2.0831303420721388,2.10790506029423,2.1172467615444543,2.128733228253541,2.145505916865783,2.137523306496234,2.143686850205752,2.149148962086658,2.1623107960330277,2.1613028700853247,2.1681323334874687,2.167854016901513,2.1607854943752507,2.1630159126751693,2.157649995661668,2.170157033371597,
